78
9
51
4
6
163
4
2
58
4
37
7
6
52
63
13
26
45
10
32
6
6
18
90
42
70
5 6 0
79
101
29
67
26
34
54
61
3
53
0
29
8
2
2
77
4
72
31
4
13
79
44
92
39
7
8
0
59
16
77
9
8
124
2
34
24
77
12
21
6
43
47
85
0
6
11
0
0
6
5
7
2
61
8
162
93
33
68
46
21
7
24
22
80
2
16
9
57
7
58
72
4
169
400
14
89
8
29
6
48
4
47
116
0
24
2
6
2
38
3
0
3
13
18
11
7
4
39
66
13
64
0
28
2
2
2
82
11
14
15
11
3
7
10
11
59
139
60
53
4
12
157
4
20
9
0
13
42
19
5
8
50
77
2
8
4
125
7
3
0
26
39
46
8
6
66
3
7
3
19
13
12
19
28
3
24
14
17
170
0
13
32
54
112
5
0
101
19
102
21
87
79
45
0
32
400
19
62
3
9
0
18
30
8
5
2
11
21
44
62
19
3
20
2
3
7
67
4
39
147
2
38
0
5
5
6
13
12
31
10
4
4
0
6
36
5
9
29
0
3
94
104
6
45
7
5
86
5
52
10
5
59
12
113
4
2
21
30
84
10
85
42
86
72
4
2
87
80
14
11
7
3
24
42
101
141
7
2
34
57
78
39
82
46
3
42
5
6
0
7
2
41
21
18
18
27
11
400
73
23
185
16
5
31
52
133
130
13
58
48
3
172
44
137
4
25
11
2
5
88
12
0
140
35
105
96
5
58
148
30
12
8
16
0
37
0
0
31
58
36
8
61
59
15
7
59
48
0
49
22
29
0
19
0
27
49
0
2
12
20
23
3
81
13
2
9
4
6
24
8
9
7
12
10
85
32
104
13
6
27
3
7
51
40
10
29
13
4
2
0
11
124
33
16
25
13
19
2
31
400
